Banco Central do Brasil;;;;;;;;;;;;;;;;;;;;;
Diretoria de Fiscalizaá∆o - Depto de Monitoramento do Sistema Financeiro (Desig);;;;;;;;;;;;;;;;;;;;;
Mercado de CÉmbio - Ranking Mensal das Instituiá‰es Financeiras;;;;;;;;;;;;;;;;;;;;;
;;;;;;;;;;;;;;;;;;;;;
CÉmbio Contratado - Acumulado Jan-Jul/2014;;;;;;;;;;;;;;;;;;;;;
Rank ;C¢digo Instit.; Nome da Instituiá∆o ; Exportaá∆o ;; Importaá∆o ;; Transferància do Exterior ;; Transferància p/ Exterior ;; Total do Mercado Prim†rio ;; Interbanc†rio - Compra ;; Interbanc†rio - Venda ;; Total do Mercado Interbanc†rio ;; Total ;;
;;; Nß Oper. ; Valor (US$) ; Nß Oper. ; Valor (US$) ; Nß Oper. ; Valor (US$) ; Nß Oper. ; Valor (US$) ; Nß Oper. ; Valor (US$) ; Nß Oper. ; Valor (US$) ; Nß Oper. ; Valor (US$) ; Nß Oper. ; Valor (US$) ; Nß Oper. ; Valor (US$) ;
1;90.400.888;BANCO SANTANDER (BRASIL) S.A.; 24.925 ; 10.484.253.297 ; 118.695 ; 14.158.471.408 ; 107.037 ; 25.055.145.695 ; 190.312 ; 25.107.616.888 ; 440.969 ; 74.805.487.288 ; 3.890 ; 67.332.138.945 ; 3.627 ; 58.945.787.734 ; 7.517 ; 126.277.926.680 ; 448.486 ; 201.083.413.968 ;
2;33.479.023;BANCO CITIBANK S.A.; 12.434 ; 9.751.915.778 ; 50.529 ; 14.684.271.383 ; 61.438 ; 56.804.563.223 ; 119.293 ; 49.890.506.391 ; 243.694 ; 131.131.256.775 ; 2.217 ; 20.770.738.312 ; 2.320 ; 23.682.230.469 ; 4.537,0 ; 44.452.968.782 ; 248.231 ; 175.584.225.557 ;
3;60.701.190;ITAÈ UNIBANCO S.A.; 47.393 ; 10.008.250.742 ; 123.061 ; 13.575.232.685 ; 281.644 ; 18.644.858.061 ; 215.892 ; 29.076.412.810 ; 667.990 ; 71.304.754.298 ; 2.050 ; 55.276.781.958 ; 1.975 ; 48.222.833.412 ; 4.025,0 ; 103.499.615.370 ; 672.015 ; 174.804.369.668 ;
4;01.701.201;HSBC BANK BRASIL S.A. - BANCO MULTIPLO; 16.829 ; 10.781.411.695 ; 77.368 ; 13.241.021.237 ; 79.441 ; 27.335.810.496 ; 158.891 ; 27.089.068.815 ; 332.529 ; 78.447.312.243 ; 2.489 ; 45.506.307.861 ; 2.362 ; 42.007.722.350 ; 4.851,0 ; 87.514.030.210 ; 337.380 ; 165.961.342.453 ;
5;00.000.000;BANCO DO BRASIL S.A.; 66.057 ; 38.522.631.271 ; 148.699 ; 30.948.217.653 ; 157.145 ; 16.798.150.147 ; 184.149 ; 20.323.371.248 ; 556.050 ; 106.592.370.319 ; 2.574 ; 16.109.196.745 ; 2.349 ; 22.373.775.500 ; 4.923,0 ; 38.482.972.245 ; 560.973 ; 145.075.342.563 ;
6;33.172.537;BANCO J.P. MORGAN S.A.; 1.064 ; 2.641.040.244 ; 13.647 ; 5.942.900.905 ; 6.370 ; 31.418.442.308 ; 18.867 ; 25.855.103.895 ; 39.948 ; 65.857.487.352 ; 1.674 ; 14.823.891.233 ; 2.105 ; 16.697.519.708 ; 3.779,0 ; 31.521.410.942 ; 43.727 ; 97.378.898.294 ;
7;60.746.948;BANCO BRADESCO S.A.; 40.032 ; 25.233.703.759 ; 94.764 ; 18.358.074.884 ; 153.553 ; 14.368.159.428 ; 126.168 ; 15.584.118.736 ; 414.517 ; 73.544.056.807 ; 3.779 ; 9.075.895.734 ; 4.169 ; 14.308.301.030 ; 7.948,0 ; 23.384.196.764 ; 422.465 ; 96.928.253.570 ;
8;30.306.294;BANCO BTG PACTUAL S.A.; 292 ; 2.260.902.351 ; 209 ; 371.186.586 ; 2.498 ; 13.745.043.704 ; 3.398 ; 12.738.566.646 ; 6.397 ; 29.115.699.287 ; 845 ; 29.665.448.025 ; 1.034 ; 29.300.717.583 ; 1.879,0 ; 58.966.165.608 ; 8.276 ; 88.081.864.894 ;
9;01.522.368;BANCO BNP PARIBAS BRASIL S.A.; 1.540 ; 4.954.358.537 ; 6.578 ; 3.388.319.819 ; 3.743 ; 8.675.214.523 ; 11.220 ; 10.221.192.755 ; 23.081 ; 27.239.085.634 ; 2.122 ; 19.213.898.212 ; 2.123 ; 19.320.695.582 ; 4.245,0 ; 38.534.593.794 ; 27.326 ; 65.773.679.428 ;
10;62.331.228;DEUTSCHE BANK S.A. - BANCO ALEMAO; 1.266 ; 5.062.135.989 ; 4.417 ; 2.681.266.349 ; 2.279 ; 4.672.963.999 ; 6.040 ; 6.317.996.009 ; 14.002 ; 18.734.362.346 ; 1.514 ; 19.078.716.556 ; 1.544 ; 19.699.756.737 ; 3.058,0 ; 38.778.473.292 ; 17.060 ; 57.512.835.638 ;
11;59.588.111;BANCO VOTORANTIM S.A.; 631 ; 1.486.438.524 ; 5.001 ; 1.841.288.330 ; 1.166 ; 2.076.560.145 ; 5.155 ; 3.148.996.480 ; 11.953 ; 8.553.283.479 ; 943 ; 18.910.316.249 ; 3.434 ; 17.314.733.404 ; 4.377,0 ; 36.225.049.653 ; 16.330 ; 44.778.333.133 ;
12;33.987.793;BANCO DE INVESTIMENTOS CREDIT SUISSE (BRASIL) S.A.; 16 ; 169.598.235 ; 2 ; 1.560.000 ; 1.051 ; 4.505.622.358 ; 1.660 ; 6.322.291.915 ; 2.729 ; 10.999.072.508 ; 578 ; 16.534.296.282 ; 575 ; 14.459.648.828 ; 1.153,0 ; 30.993.945.110 ; 3.882 ; 41.993.017.618 ;
13;02.801.938;BANCO MORGAN STANLEY S.A.; 1 ; 72.407 ;;; 3.063 ; 13.629.572.976 ; 2.984 ; 8.383.094.913 ; 6.048 ; 22.012.740.296 ; 164 ; 3.434.766.301 ; 408 ; 8.982.727.034 ; 572,0 ; 12.417.493.335 ; 6.620 ; 34.430.233.631 ;
14;62.073.200;BANK OF AMERICA MERRILL LYNCH BANCO MÈLTIPLO S.A.; 199 ; 776.026.860 ; 113 ; 146.296.793 ; 1.155 ; 9.660.140.336 ; 1.273 ; 8.907.441.365 ; 2.740 ; 19.489.905.354 ; 492 ; 6.880.162.774 ; 258 ; 6.631.917.866 ; 750,0 ; 13.512.080.640 ; 3.490 ; 33.001.985.994 ;
15;61.146.577;BANCO BARCLAYS S.A.; 7 ; 72.708.597 ; 32 ; 56.521.734 ; 1.143 ; 7.121.714.637 ; 1.474 ; 6.308.532.668 ; 2.656 ; 13.559.477.637 ; 917 ; 7.820.464.986 ; 1.186 ; 8.608.594.544 ; 2.103,0 ; 16.429.059.530 ; 4.759 ; 29.988.537.167 ;
16;61.820.817;BANCO PAULISTA S.A.; 546 ; 84.311.253 ; 2.804 ; 222.705.965 ; 8.701 ; 610.676.966 ; 16.709 ; 1.595.633.632 ; 28.760 ; 2.513.327.816 ; 9.086 ; 13.685.408.311 ; 59.798 ; 12.574.851.065 ; 68.884,0 ; 26.260.259.376 ; 97.644 ; 28.773.587.192 ;
17;61.533.584;BANCO SOCIETE GENERALE BRASIL S.A.; 103 ; 397.223.907 ; 1.206 ; 167.942.653 ; 1.026 ; 4.213.694.760 ; 1.791 ; 4.365.482.624 ; 4.126 ; 9.144.343.944 ; 875 ; 5.687.306.220 ; 926 ; 6.235.940.727 ; 1.801,0 ; 11.923.246.947 ; 5.927 ; 21.067.590.891 ;
18;60.498.557;BANCO DE TOKYO-MITSUBISHI UFJ BRASIL S.A.; 1.069 ; 558.714.427 ; 3.546 ; 771.183.551 ; 3.341 ; 1.631.276.166 ; 3.213 ; 865.216.465 ; 11.169 ; 3.826.390.610 ; 2.304 ; 8.124.801.433 ; 2.720 ; 8.682.501.216 ; 5.024,0 ; 16.807.302.649 ; 16.193 ; 20.633.693.259 ;
19;04.332.281;GOLDMAN SACHS DO BRASIL BANCO MULTIPLO S.A.; 6 ; 30.984.610 ;;; 1.223 ; 5.414.114.594 ; 1.399 ; 5.699.905.269 ; 2.628 ; 11.145.004.473 ; 59 ; 2.397.037.796 ; 59 ; 2.538.513.455 ; 118,0 ; 4.935.551.251 ; 2.746 ; 16.080.555.724 ;
20;17.298.092;BANCO ITAÈ BBA S.A.; 2.743 ; 1.395.551.654 ; 6.405 ; 1.402.551.029 ; 2.516 ; 1.731.398.284 ; 5.715 ; 1.921.543.491 ; 17.379 ; 6.451.044.458 ; 326 ; 4.486.715.129 ; 334 ; 4.645.267.412 ; 660,0 ; 9.131.982.541 ; 18.039 ; 15.583.026.999 ;
21;58.160.789;BANCO SAFRA S.A.; 1.501 ; 1.413.185.412 ; 7.292 ; 1.282.118.516 ; 6.054 ; 1.200.461.845 ; 21.401 ; 2.161.484.020 ; 36.248 ; 6.057.249.793 ; 861 ; 4.480.607.606 ; 778 ; 3.118.627.951 ; 1.639,0 ; 7.599.235.557 ; 37.887 ; 13.656.485.351 ;
22;11.703.662;BANCO CONFIDENCE DE C∂MBIO S.A.; 160 ; 5.544.758 ; 2.833 ; 147.806.476 ; 991 ; 108.926.973 ; 4.378 ; 191.012.424 ; 8.362 ; 453.290.631 ; 8.188 ; 6.497.424.997 ; 71.177 ; 6.254.404.836 ; 79.365,0 ; 12.751.829.834 ; 87.727 ; 13.205.120.465 ;
23;00.038.166;BANCO CENTRAL DO BRASIL;;;;; 60 ; 159.039.274 ;;; 60 ; 159.039.274 ; 18 ; 5.450.000.000 ; 18 ; 5.450.000.000 ; 36,0 ; 10.900.000.000 ; 96 ; 11.059.039.274 ;
24;33.657.248;BANCO NACIONAL DE DESENVOLVIMENTO ECONOMICO E SOCIAL; 206 ; 330.385.935 ;;; 292 ; 3.734.064.145 ; 417 ; 1.154.112.062 ; 915 ; 5.218.562.141 ; 28 ; 1.104.621.736 ; 55 ; 4.055.817.250 ; 83,0 ; 5.160.438.986 ; 998 ; 10.379.001.127 ;
25;01.023.570;BANCO RABOBANK INTERNATIONAL BRASIL S.A.; 264 ; 1.423.183.704 ; 228 ; 133.541.651 ; 389 ; 927.530.104 ; 1.932 ; 950.695.281 ; 2.813 ; 3.434.950.741 ; 179 ; 1.732.616.991 ; 216 ; 2.994.677.754 ; 395,0 ; 4.727.294.745 ; 3.208 ; 8.162.245.486 ;
26;68.900.810;BANCO RENDIMENTO S.A.; 133 ; 4.851.057 ; 1.007 ; 46.179.588 ; 24.513 ; 406.431.102 ; 21.684 ; 1.299.454.763 ; 47.337 ; 1.756.916.511 ; 2.555 ; 3.237.160.692 ; 46.033 ; 2.236.831.673 ; 48.588,0 ; 5.473.992.365 ; 95.925 ; 7.230.908.876 ;
27;60.518.222;BANCO SUMITOMO MITSUI BRASILEIRO S.A.; 811 ; 694.540.844 ; 2.589 ; 970.694.560 ; 2.041 ; 1.585.923.300 ; 3.093 ; 443.291.290 ; 8.534 ; 3.694.449.994 ; 354 ; 1.083.136.717 ; 399 ; 1.931.492.568 ; 753,0 ; 3.014.629.285 ; 9.287 ; 6.709.079.279 ;
28;62.232.889;BANCO DAYCOVAL S.A.; 921 ; 273.272.362 ; 3.153 ; 398.674.760 ; 3.714 ; 649.845.797 ; 22.786 ; 664.977.941 ; 30.574 ; 1.986.770.860 ; 1.978 ; 2.437.206.098 ; 3.649 ; 2.225.437.159 ; 5.627,0 ; 4.662.643.257 ; 36.201 ; 6.649.414.117 ;
29;11.932.017;STANDARD CHARTERED BANK (BRASIL) S.A. ñ BANCO DE INVESTIMENTO; 95 ; 531.040.714 ; 68 ; 259.670.067 ; 117 ; 37.494.311 ; 398 ; 349.774.294 ; 678 ; 1.177.979.386 ; 354 ; 2.660.889.449 ; 448 ; 2.628.081.492 ; 802,0 ; 5.288.970.941 ; 1.480 ; 6.466.950.327 ;
30;00.360.305;CAIXA ECONOMICA FEDERAL; 1.039 ; 446.353.331 ; 1.451 ; 60.879.380 ; 32.501 ; 1.019.379.980 ; 41.416 ; 641.903.301 ; 76.407 ; 2.168.515.991 ; 725 ; 1.254.805.484 ; 716 ; 2.003.082.039 ; 1.441,0 ; 3.257.887.523 ; 77.848 ; 5.426.403.515 ;
31;75.647.891;BANCO CRêDIT AGRICOLE BRASIL S.A.; 86 ; 387.726.391 ; 29 ; 7.234.863 ; 104 ; 361.855.390 ; 349 ; 81.976.163 ; 568 ; 838.792.807 ; 346 ; 1.784.613.528 ; 381 ; 2.499.357.939 ; 727,0 ; 4.283.971.467 ; 1.295 ; 5.122.764.275 ;
32;28.195.667;BANCO ABC BRASIL S.A.; 378 ; 357.535.586 ; 767 ; 108.869.728 ; 174 ; 419.174.106 ; 1.730 ; 360.274.635 ; 3.049 ; 1.245.854.055 ; 115 ; 1.655.091.070 ; 184 ; 2.134.491.879 ; 299,0 ; 3.789.582.949 ; 3.348 ; 5.035.437.004 ;
33;49.336.860;ING BANK N.V.; 189 ; 1.126.141.357 ; 17 ; 47.834.034 ; 79 ; 420.674.944 ; 463 ; 636.658.678 ; 748 ; 2.231.309.013 ; 54 ; 799.020.108 ; 106 ; 1.949.073.473 ; 160,0 ; 2.748.093.581 ; 908 ; 4.979.402.595 ;
34;46.518.205;JPMORGAN CHASE BANK, NATIONAL ASSOCIATION;;;;; 55 ; 1.044.150.000 ; 34 ; 1.166.793.083 ; 89 ; 2.210.943.083 ; 35 ; 1.224.793.083 ; 56 ; 1.102.150.000 ; 91,0 ; 2.326.943.083 ; 180 ; 4.537.886.166 ;
35;07.656.500;BANCO KDB DO BRASIL S.A.;;;;; 849 ; 1.157.001.731 ; 882 ; 448.166.321 ; 1.731 ; 1.605.168.052 ; 60 ; 1.049.190.410 ; 401 ; 1.758.395.382 ; 461,0 ; 2.807.585.791 ; 2.192 ; 4.412.753.843 ;
36;33.466.988;BANCO CAIXA GERAL - BRASIL S.A.; 8 ; 6.566.644 ; 20 ; 1.099.659 ; 105 ; 44.319.789 ; 237 ; 54.796.745 ; 370 ; 106.782.837 ; 241 ; 1.708.973.450 ; 391 ; 1.739.975.519 ; 632,0 ; 3.448.948.969 ; 1.002 ; 3.555.731.806 ;
37;34.111.187;BES INVESTIMENTO DO BRASIL S.A. - BANCO DE INVESTIMENTO; 23 ; 11.015.341 ; 4 ; 215.943 ; 950 ; 633.760.825 ; 930 ; 305.778.038 ; 1.907 ; 950.770.147 ; 315 ; 999.770.722 ; 328 ; 1.374.653.153 ; 643,0 ; 2.374.423.875 ; 2.550 ; 3.325.194.022 ;
38;15.114.366;BANCO BBM S/A; 165 ; 116.977.879 ; 18 ; 60.493.773 ; 103 ; 71.524.325 ; 268 ; 118.542.660 ; 554 ; 367.538.636 ; 124 ; 1.302.336.988 ; 157 ; 1.264.833.021 ; 281,0 ; 2.567.170.009 ; 835 ; 2.934.708.645 ;
39;13.059.145;BEXS BANCO DE C∂MBIO S/A; 123 ; 412.592.710 ; 973 ; 49.631.002 ; 920 ; 108.002.065 ; 2.468 ; 151.126.997 ; 4.484 ; 721.352.774 ; 1.965 ; 871.796.339 ; 1.984 ; 1.191.667.560 ; 3.949,0 ; 2.063.463.899 ; 8.433 ; 2.784.816.673 ;
40;44.189.447;BANCO DE LA PROVINCIA DE BUENOS AIRES; 64 ; 22.998.265 ; 32 ; 1.975.097 ; 26 ; 74.258 ; 39 ; 309.623 ; 161 ; 25.357.243 ; 303 ; 1.303.790.000 ; 342 ; 1.335.400.000 ; 645,0 ; 2.639.190.000 ; 806 ; 2.664.547.243 ;
41;92.702.067;BANCO DO ESTADO DO RIO GRANDE DO SUL S.A.; 5.341 ; 680.506.836 ; 8.993 ; 548.560.431 ; 2.529 ; 182.775.280 ; 10.646 ; 207.802.169 ; 27.509 ; 1.619.644.716 ; 237 ; 398.799.104 ; 235 ; 503.309.575 ; 472,0 ; 902.108.679 ; 27.981 ; 2.521.753.395 ;
42;52.937.216;BEXS CORRETORA DE C∂MBIO S/A; 1 ; 86.030 ;;; 1.611 ; 6.174.521 ; 21.937 ; 180.339.055 ; 23.549 ; 186.599.605 ; 4.741 ; 1.185.209.653 ; 1.180 ; 1.011.144.970 ; 5.921,0 ; 2.196.354.624 ; 29.470 ; 2.382.954.229 ;
43;73.622.748;B & T ASSOCIADOS CORRETORA DE C∂MBIO LTDA.; 277 ; 7.937.406 ; 3.147 ; 82.242.209 ; 3.817 ; 39.330.394 ; 11.180 ; 681.650.853 ; 18.421 ; 811.160.862 ; 22.321 ; 1.058.811.090 ; 1.012 ; 342.149.695 ; 23.333,0 ; 1.400.960.785 ; 41.754 ; 2.212.121.647 ;
44;71.027.866;BANCO BONSUCESSO S.A.;;; 2 ; 16.380 ; 324 ; 2.131.067 ; 1.249 ; 27.758.986 ; 1.575 ; 29.906.433 ; 949 ; 1.053.784.282 ; 2.973 ; 1.027.745.075 ; 3.922,0 ; 2.081.529.357 ; 5.497 ; 2.111.435.790 ;
45;07.450.604;BANCO INDUSTRIAL E COMERCIAL S.A.; 1.083 ; 551.672.598 ; 1.389 ; 180.617.036 ; 417 ; 99.852.037 ; 1.822 ; 262.180.300 ; 4.711 ; 1.094.321.971 ; 217 ; 437.202.637 ; 229 ; 558.303.160 ; 446,0 ; 995.505.798 ; 5.157 ; 2.089.827.769 ;
46;78.632.767;BANCO OURINVEST S.A.; 7 ; 39.052.695 ; 159 ; 17.692.314 ; 1.008 ; 23.044.778 ; 3.460 ; 60.316.444 ; 4.634 ; 140.106.230 ; 1.567 ; 885.861.382 ; 18.406 ; 848.235.343 ; 19.973,0 ; 1.734.096.725 ; 24.607 ; 1.874.202.955 ;
47;04.913.129;CONFIDENCE CORRETORA DE C∂MBIO S.A.; 4 ; 16.187 ; 11 ; 27.754 ; 7.693 ; 78.761.219 ; 38.359 ; 580.626.308 ; 46.067 ; 659.431.469 ; 15.324 ; 799.074.896 ; 927 ; 295.690.632 ; 16.251,0 ; 1.094.765.528 ; 62.318 ; 1.754.196.997 ;
48;62.144.175;BANCO PINE S.A.; 94 ; 302.342.935 ; 330 ; 151.739.174 ; 55 ; 139.438.124 ; 524 ; 246.272.725 ; 1.003 ; 839.792.958 ; 31 ; 327.476.974 ; 32 ; 480.701.499 ; 63,0 ; 808.178.473 ; 1.066 ; 1.647.971.431 ;
49;33.923.798;BANCO MµXIMA S.A.; 280 ; 7.512.640 ; 2.281 ; 97.766.591 ; 462 ; 104.385.177 ; 1.813 ; 151.459.442 ; 4.836 ; 361.123.851 ; 1.744 ; 663.283.474 ; 8.441 ; 523.043.202 ; 10.185,0 ; 1.186.326.677 ; 15.021 ; 1.547.450.528 ;
50;33.884.941;BANIF - BANCO INTERNACIONAL DO FUNCHAL (BRASIL), S.A.; 48 ; 2.925.129 ; 182 ; 4.687.287 ; 227 ; 50.608.673 ; 1.065 ; 80.877.862 ; 1.522 ; 139.098.950 ; 358 ; 695.435.882 ; 399 ; 666.188.635 ; 757,0 ; 1.361.624.517 ; 2.279 ; 1.500.723.467 ;
51;58.616.418;BANCO FIBRA S.A.; 422 ; 99.390.218 ; 1.274 ; 99.453.703 ; 643 ; 217.001.685 ; 1.608 ; 418.562.470 ; 3.947 ; 834.408.077 ; 265 ; 500.669.296 ; 159 ; 115.305.017 ; 424,0 ; 615.974.313 ; 4.371 ; 1.450.382.390 ;
52;74.451.022;TOV CORRETORA DE C∂MBIO, T÷TULOS E VALORES MOBILIµRIOS LTDA; 267 ; 8.615.093 ; 9.236 ; 434.610.302 ; 2.178 ; 23.523.336 ; 18.566 ; 262.167.015 ; 30.247 ; 728.915.746 ; 7.462 ; 680.355.876 ; 173 ; 17.378.593 ; 7.635,0 ; 697.734.469 ; 37.882 ; 1.426.650.215 ;
53;30.723.886;BANCO MODAL S.A.; 69 ; 16.826.472 ; 486 ; 51.870.655 ; 80 ; 259.950.135 ; 347 ; 43.810.929 ; 982 ; 372.458.191 ; 119 ; 429.678.356 ; 123 ; 611.512.480 ; 242,0 ; 1.041.190.836 ; 1.224 ; 1.413.649.026 ;
54;02.992.317;TREVISO CORRETORA DE C∂MBIO S.A.; 52 ; 668.047 ; 662 ; 17.468.922 ; 2.784 ; 22.640.110 ; 13.021 ; 228.573.575 ; 16.519 ; 269.350.653 ; 12.620 ; 653.713.658 ; 2.305 ; 432.320.406 ; 14.925,0 ; 1.086.034.064 ; 31.444 ; 1.355.384.717 ;
55;29.030.467;SCOTIABANK BRASIL S.A. BANCO MÈLTIPLO; 48 ; 220.783.436 ; 81 ; 136.954.247 ; 36 ; 237.521.462 ; 299 ; 19.021.976 ; 464 ; 614.281.122 ; 47 ; 177.356.506 ; 67 ; 479.328.956 ; 114,0 ; 656.685.461 ; 578 ; 1.270.966.583 ;
56;17.354.911;COTACAO DISTRIBUIDORA DE TITULOS E VALORES MOBILIARIOS S.A; 100 ; 2.554.763 ; 629 ; 9.009.658 ; 7.261 ; 78.876.045 ; 45.644 ; 602.833.113 ; 53.634 ; 693.273.579 ; 5.159 ; 531.583.325 ; 41 ; 988.726 ; 5.200,0 ; 532.572.051 ; 58.834 ; 1.225.845.630 ;
57;06.917.793;PREVIBANK S.A. DISTRIBUIDORA DE T÷TULOS E VALORES MOBILIµRIOS; 28 ; 961.292 ; 7.432 ; 551.432.609 ; 1.957 ; 10.649.183 ; 23.898 ; 50.925.482 ; 33.315 ; 613.968.567 ; 5.438 ; 598.724.178 ; 184 ; 7.454.139 ; 5.622,0 ; 606.178.317 ; 38.937 ; 1.220.146.884 ;
58;16.944.141;BROKER BRASIL CORRETORA DE C∂MBIO LTDA.; 6 ; 83.202 ; 1.066 ; 32.408.416 ; 985 ; 5.536.155 ; 6.968 ; 416.318.015 ; 9.025 ; 454.345.788 ; 6.841 ; 499.638.318 ; 600 ; 56.511.597 ; 7.441,0 ; 556.149.915 ; 16.466 ; 1.010.495.703 ;
59;17.453.575;ICBC DO BRASIL BANCO MÈLTIPLO S.A.; 39 ; 136.000.000 ; 13 ; 36.653.212 ; 31 ; 354.477.852 ; 32 ; 2.531.308 ; 115 ; 529.662.372 ; 8 ; 6.464.000 ; 58 ; 472.111.000 ; 66,0 ; 478.575.000 ; 181 ; 1.008.237.372 ;
60;03.609.817;BANCO CARGILL S.A.; 50 ; 412.732.873 ; 53 ; 39.516.154 ; 12 ; 12.604.516 ; 82 ; 39.372.959 ; 197 ; 504.226.502 ; 21 ; 70.175.000 ; 37 ; 406.250.000 ; 58,0 ; 476.425.000 ; 255 ; 980.651.502 ;
61;61.186.680;BANCO BMG S.A.; 9 ; 29.579.661 ;;; 4 ; 8.285.507 ; 73 ; 422.684.553 ; 86 ; 460.549.720 ; 26 ; 447.658.215 ; 10 ; 54.579.661 ; 36,0 ; 502.237.876 ; 122 ; 962.787.596 ;
62;03.512.293;FITTA DISTRIBUIDORA DE TITULOS E VALORES MOBILIARIOS S.A.; 21 ; 660.550 ; 71 ; 1.182.007 ; 1.105 ; 13.761.059 ; 3.682 ; 74.767.240 ; 4.879 ; 90.370.856 ; 6.735 ; 456.691.197 ; 1.544 ; 396.041.672 ; 8.279,0 ; 852.732.870 ; 13.158 ; 943.103.726 ;
63;92.856.905;ADVANCED CORRETORA DE C∂MBIO LTDA; 505 ; 13.683.098 ; 8.143 ; 257.228.471 ; 4.529 ; 61.332.202 ; 16.666 ; 159.161.356 ; 29.843 ; 491.405.128 ; 3.621 ; 361.805.796 ; 360 ; 19.629.495 ; 3.981,0 ; 381.435.291 ; 33.824 ; 872.840.419 ;
64;17.184.037;BANCO MERCANTIL DO BRASIL S.A.; 53 ; 16.857.443 ; 188 ; 11.917.940 ; 229 ; 7.116.073 ; 756 ; 54.838.415 ; 1.226 ; 90.729.872 ; 486 ; 404.450.914 ; 265 ; 362.453.443 ; 751,0 ; 766.904.357 ; 1.977 ; 857.634.229 ;
65;61.024.352;BANCO INDUSVAL S.A.; 445 ; 203.429.925 ; 264 ; 31.682.625 ; 120 ; 5.154.976 ; 587 ; 58.062.608 ; 1.416 ; 298.330.135 ; 210 ; 193.008.551 ; 331 ; 256.555.255 ; 541,0 ; 449.563.806 ; 1.957 ; 747.893.941 ;
66;32.648.370;FAIR CORRETORA DE CAMBIO S.A.; 299 ; 6.423.002 ; 6.023 ; 161.344.672 ; 4.193 ; 67.875.764 ; 17.034 ; 201.949.434 ; 27.549 ; 437.592.871 ; 2.528 ; 291.338.612 ; 24 ; 2.443.478 ; 2.552,0 ; 293.782.091 ; 30.101 ; 731.374.961 ;
67;12.586.596;MULTIMONEY CORRETORA DE C∂MBIO LTDA; 75 ; 4.925.967 ; 1.514 ; 34.653.857 ; 2.579 ; 12.852.775 ; 11.968 ; 156.814.854 ; 16.136 ; 209.247.454 ; 7.190 ; 345.908.371 ; 3.875 ; 171.949.642 ; 11.065,0 ; 517.858.013 ; 27.201 ; 727.105.467 ;
68;92.894.922;BANCO ORIGINAL S.A.; 65 ; 280.429.563 ; 67 ; 32.979.616 ; 2 ; 5.001.000 ; 180 ; 33.356.045 ; 314 ; 351.766.223 ; 35 ; 87.808.998 ; 41 ; 282.115.662 ; 76,0 ; 369.924.660 ; 390 ; 721.690.884 ;
69;33.886.862;MAXIMA S.A. CORRETORA DE CAMBIO, TITULOS E VALORES MOBILIARIOS;;;;; 824 ; 3.449.348 ; 16.531 ; 350.182.248 ; 17.355 ; 353.631.596 ; 2.693 ; 350.181.259 ; 24 ; 887.777 ; 2.717,0 ; 351.069.036 ; 20.072 ; 704.700.632 ;
70;72.760.713;RENOVA S.A. CORRETORA DE C∂MBIO; 18 ; 877.091 ; 409 ; 9.368.370 ; 2.229 ; 10.887.156 ; 10.549 ; 96.126.913 ; 13.205 ; 117.259.529 ; 5.309 ; 336.069.932 ; 468 ; 242.395.146 ; 5.777,0 ; 578.465.077 ; 18.982 ; 695.724.607 ;
71;00.997.185;BANCO BM&FBOVESPA DE SERVIÄOS DE LIQUIDAÄ«O E CUST‡DIA S.A.;;;;; 248 ; 160.892.711 ; 180 ; 178.290.031 ; 428 ; 339.182.742 ; 141 ; 177.064.000 ; 143 ; 159.635.000 ; 284,0 ; 336.699.000 ; 712 ; 675.881.742 ;
72;13.728.156;WESTERN UNION CORRETORA DE C∂MBIO S.A.; 5 ; 146.941 ; 191 ; 2.319.278 ; 2.728 ; 86.960.435 ; 7.091 ; 301.667.048 ; 10.015 ; 391.093.702 ; 4.117 ; 259.060.473 ; 1.076 ; 23.169.323 ; 5.193,0 ; 282.229.796 ; 15.208 ; 673.323.498 ;
73;15.357.060;BANCO WOORI BANK DO BRASIL S.A.; 5 ; 589.368 ; 161 ; 172.756.643 ; 86 ; 106.178.360 ; 1.076 ; 62.969.316 ; 1.328 ; 342.493.686 ; 158 ; 228.590.000 ; 29 ; 99.900.684 ; 187,0 ; 328.490.684 ; 1.515 ; 670.984.371 ;
74;61.088.183;BANCO MIZUHO DO BRASIL S.A.; 62 ; 138.896.166 ; 37 ; 8.258.864 ; 77 ; 46.136.175 ; 110 ; 21.018.411 ; 286 ; 214.309.617 ; 153 ; 128.601.737 ; 180 ; 285.891.069 ; 333,0 ; 414.492.806 ; 619 ; 628.802.423 ;
75;00.250.699;AGK CORRETORA DE CAMBIO S.A.; 315 ; 12.242.408 ; 6.329 ; 215.282.101 ; 2.288 ; 55.808.273 ; 8.038 ; 72.817.003 ; 16.970 ; 356.149.784 ; 1.960 ; 238.444.350 ; 37 ; 18.332.221 ; 1.997,0 ; 256.776.571 ; 18.967 ; 612.926.355 ;
76;28.127.603;BANESTES S.A. BANCO DO ESTADO DO ESPIRITO SANTO; 4.201 ; 226.069.475 ; 1.889 ; 86.058.293 ; 847 ; 18.407.898 ; 2.379 ; 15.453.470 ; 9.316 ; 345.989.137 ; 128 ; 60.292.803 ; 505 ; 203.438.009 ; 633,0 ; 263.730.811 ; 9.949 ; 609.719.948 ;
77;11.495.073;OM DISTRIBUIDORA DE T÷TULOS E VALORES MOBILIµRIOS LTDA;;; 231 ; 12.482.271 ; 4.864 ; 15.345.958 ; 13.192 ; 150.096.170 ; 18.287 ; 177.924.399 ; 6.364 ; 271.863.828 ; 687 ; 125.701.312 ; 7.051,0 ; 397.565.141 ; 25.338 ; 575.489.540 ;
78;03.532.415;BANCO ABN AMRO S.A.; 37 ; 246.415.000 ;;; 8 ; 5.893.097 ; 23 ; 4.763.836 ; 68 ; 257.071.932 ; 3 ; 2.002.000 ; 41 ; 249.526.000 ; 44,0 ; 251.528.000 ; 112 ; 508.599.932 ;
79;59.285.411;BANCO PAN S.A.; 87 ; 125.166.012 ;;; 33 ; 366.272 ; 182 ; 94.998.012 ; 302 ; 220.530.295 ; 5 ; 131.687.545 ; 62 ; 141.000.000 ; 67,0 ; 272.687.545 ; 369 ; 493.217.840 ;
80;67.391.821;S. HAYATA CORRETORA DE C∂MBIO S.A.; 40 ; 694.864 ; 2.359 ; 106.463.535 ; 676 ; 4.398.586 ; 27.677 ; 135.452.054 ; 30.752 ; 247.009.039 ; 4.827 ; 241.119.815 ; 20 ; 4.226.252 ; 4.847,0 ; 245.346.067 ; 35.599 ; 492.355.106 ;
81;01.181.521;BANCO COOPERATIVO SICREDI S.A.; 1.913 ; 113.222.845 ; 1.970 ; 71.095.436 ; 810 ; 34.348.334 ; 1.472 ; 89.998.514 ; 6.165 ; 308.665.129 ; 128 ; 93.277.115 ; 97 ; 78.926.493 ; 225,0 ; 172.203.607 ; 6.390 ; 480.868.736 ;
82;60.889.128;BANCO SOFISA S.A.; 959 ; 202.263.373 ; 616 ; 37.878.774 ; 144 ; 15.052.373 ; 739 ; 47.166.278 ; 2.458 ; 302.360.798 ; 96 ; 20.295.562 ; 56 ; 153.391.578 ; 152,0 ; 173.687.140 ; 2.610 ; 476.047.939 ;
83;10.690.848;BANCO DA CHINA BRASIL S.A.; 40 ; 72.464.580 ; 94 ; 21.143.396 ; 91 ; 125.915.752 ; 186 ; 3.804.333 ; 411 ; 223.328.061 ; 49 ; 23.608.067 ; 84 ; 197.062.335 ; 133,0 ; 220.670.402 ; 544 ; 443.998.464 ;
84;15.230.501;CATEDRAL CORRETORA DE C∂MBIO E T÷TULOS MOBILIµRIOS LTDA.;;; 113 ; 4.851.317 ;;; 6.619 ; 214.951.691 ; 6.732 ; 219.803.007 ; 715 ; 219.977.830 ; 2 ; 168.304 ; 717,0 ; 220.146.133 ; 7.449 ; 439.949.141 ;
85;09.516.419;BANCO ORIGINAL DO AGRONEG‡CIO S.A.; 47 ; 37.086.181 ; 128 ; 25.463.928 ; 31 ; 14.607.944 ; 507 ; 6.869.633 ; 713 ; 84.027.686 ; 56 ; 167.969.561 ; 37 ; 187.237.498 ; 93,0 ; 355.207.059 ; 806 ; 439.234.746 ;
86;02.318.507;BANCO KEB DO BRASIL S.A.; 4 ; 911.446 ; 119 ; 65.645.958 ; 260 ; 101.683.463 ; 1.688 ; 80.231.985 ; 2.071 ; 248.472.852 ; 117 ; 115.403.755 ; 47 ; 72.294.665 ; 164,0 ; 187.698.420 ; 2.235 ; 436.171.272 ;
87;31.895.683;BANCO INDUSTRIAL DO BRASIL S.A.; 531 ; 132.910.123 ; 786 ; 62.097.376 ; 54 ; 15.623.495 ; 368 ; 8.758.492 ; 1.739 ; 219.389.486 ; 293 ; 65.856.136 ; 214 ; 143.386.029 ; 507,0 ; 209.242.164 ; 2.246 ; 428.631.651 ;
88;00.000.208;BRB - BANCO DE BRASILIA S.A.;;; 361 ; 151.841.396 ; 632 ; 8.272.140 ; 3.916 ; 43.575.157 ; 4.909 ; 203.688.693 ; 158 ; 195.511.661 ; 4 ; 9.049.538 ; 162,0 ; 204.561.199 ; 5.071 ; 408.249.891 ;
89;50.657.675;SLW CORRETORA DE VALORES E C∂MBIO LTDA.;;; 2.829 ; 152.759.464 ; 13 ; 198.070 ; 1.795 ; 46.576.085 ; 4.637 ; 199.533.619 ; 1.613 ; 207.252.434 ; 9 ; 751.684 ; 1.622,0 ; 208.004.118 ; 6.259 ; 407.537.737 ;
90;60.770.336;BANCO ALFA DE INVESTIMENTO S.A.; 25 ; 18.432.367 ; 118 ; 28.776.450 ; 94 ; 41.844.269 ; 462 ; 102.788.412 ; 699 ; 191.841.497 ; 164 ; 140.229.287 ; 71 ; 69.279.288 ; 235,0 ; 209.508.574 ; 934 ; 401.350.072 ;
91;07.237.373;BANCO DO NORDESTE DO BRASIL S.A.; 161 ; 108.147.322 ; 241 ; 32.611.408 ; 120 ; 1.799.963 ; 280 ; 30.141.668 ; 802 ; 172.700.360 ; 115 ; 83.198.454 ; 120 ; 124.458.383 ; 235,0 ; 207.656.837 ; 1.037 ; 380.357.197 ;
92;50.579.044;LEVYCAM - CORRETORA DE CAMBIO E VALORES LTDA.; 80 ; 1.321.665 ; 3.304 ; 86.547.336 ; 1.510 ; 20.535.846 ; 8.565 ; 87.809.903 ; 13.459 ; 196.214.751 ; 2.754 ; 165.129.656 ; 126 ; 12.606.778 ; 2.880,0 ; 177.736.435 ; 16.339 ; 373.951.185 ;
93;45.246.410;BRASIL PLURAL S.A. BANCO MÈLTIPLO; 3 ; 6.883.300 ; 109 ; 23.073.289 ; 311 ; 130.813.085 ; 290 ; 35.525.361 ; 713 ; 196.295.035 ; 158 ; 47.996.010 ; 136 ; 127.140.075 ; 294,0 ; 175.136.085 ; 1.007 ; 371.431.120 ;
94;24.074.692;GUITTA CORRETORA DE CAMBIO LTDA.; 221 ; 5.081.433 ; 5.012 ; 115.225.283 ; 885 ; 19.684.890 ; 4.563 ; 44.915.116 ; 10.681 ; 184.906.722 ; 2.084 ; 137.228.384 ; 24 ; 1.830.157 ; 2.108,0 ; 139.058.542 ; 12.789 ; 323.965.264 ;
95;10.853.017;TURMALINA CORRETORA DE C∂MBIO S.A.;;; 42 ; 853.281 ; 2.869 ; 13.672.589 ; 6.604 ; 149.096.582 ; 9.515 ; 163.622.452 ; 4.023 ; 137.350.829 ; 45 ; 952.502 ; 4.068,0 ; 138.303.330 ; 13.583 ; 301.925.782 ;
96;08.609.934;NOVO MUNDO CORRETORA DE C∂MBIO S.A.; 3 ; 46.780 ; 317 ; 4.660.717 ; 2.606 ; 9.497.307 ; 10.275 ; 114.108.487 ; 13.201 ; 128.313.290 ; 4.906 ; 135.956.322 ; 256 ; 26.607.282 ; 5.162,0 ; 162.563.604 ; 18.363 ; 290.876.894 ;
97;77.162.881;DEBONI DISTRIBUIDORA DE TITULOS E VALORES MOBILIARIOS LTDA; 3 ; 208.365 ; 245 ; 3.735.539 ; 1.620 ; 2.034.996 ; 12.101 ; 29.783.660 ; 13.969 ; 35.762.559 ; 1.705 ; 109.843.865 ; 324 ; 78.557.546 ; 2.029,0 ; 188.401.411 ; 15.998 ; 224.163.971 ;
98;69.251.239;PIONEER CORRETORA DE CAMBIO LTDA; 128 ; 2.281.496 ; 1.872 ; 43.175.381 ; 623 ; 9.248.526 ; 4.489 ; 57.539.805 ; 7.112 ; 112.245.208 ; 3.788 ; 100.522.229 ; 398 ; 11.333.235 ; 4.186,0 ; 111.855.465 ; 11.298 ; 224.100.673 ;
99;18.287.740;CONECTA CORRETORA DE C∂MBIO LTDA.;;; 1 ; 62.461 ; 896 ; 7.859.958 ; 2.575 ; 35.621.408 ; 3.472 ; 43.543.826 ; 1.086 ; 97.173.227 ; 277 ; 69.277.311 ; 1.363,0 ; 166.450.539 ; 4.835 ; 209.994.365 ;
100;35.602.606;MIDAS SOCIEDADE CORRETORA DE C∂MBIO S.A.; 2 ; 91.105 ; 49 ; 252.541 ; 154 ; 432.372 ; 35.632 ; 103.305.652 ; 35.837 ; 104.081.670 ; 1.610 ; 103.766.051 ; 9 ; 698.242 ; 1.619,0 ; 104.464.293 ; 37.456 ; 208.545.962 ;
101;04.062.902;VISION S.A. CORRETORA DE CAMBIO; 79 ; 755.408 ; 2.137 ; 46.177.389 ; 475 ; 7.885.351 ; 3.250 ; 53.028.652 ; 5.941 ; 107.846.800 ; 5.477 ; 93.942.258 ; 83 ; 3.392.233 ; 5.560,0 ; 97.334.491 ; 11.501 ; 205.181.291 ;
102;00.460.065;COLUNA S/A. DISTRIBUIDORA DE TITULOS E VALORES MOBILIµRIOS;;;;; 297 ; 564.389 ; 1.637 ; 52.526.067 ; 1.934 ; 53.090.456 ; 1.852 ; 98.795.757 ; 311 ; 46.828.166 ; 2.163,0 ; 145.623.923 ; 4.097 ; 198.714.379 ;
103;40.353.377;FOURTRADE CORRETORA DE C∂MBIO LTDA.; 198 ; 3.765.510 ; 1.139 ; 23.200.426 ; 623 ; 8.897.488 ; 4.536 ; 63.651.153 ; 6.496 ; 99.514.577 ; 2.151 ; 78.485.808 ; 116 ; 4.331.438 ; 2.267,0 ; 82.817.246 ; 8.763 ; 182.331.823 ;
104;62.237.649;CAROL DISTRIBUIDORA DE TITULOS E VALORES MOBILIARIOS LTDA.;;; 24 ; 984.695 ; 643 ; 1.343.238 ; 5.382 ; 80.785.745 ; 6.049 ; 83.113.678 ; 2.087 ; 82.825.086 ; 34 ; 2.343.887 ; 2.121,0 ; 85.168.973 ; 8.170 ; 168.282.651 ;
105;06.373.777;BOA VIAGEM SOCIEDADE CORRETORA DE C∂MBIO LTDA.;;; 133 ; 2.613.994 ; 2.548 ; 6.321.195 ; 9.698 ; 62.488.148 ; 12.379 ; 71.423.337 ; 2.223 ; 77.119.070 ; 226 ; 18.381.910 ; 2.449,0 ; 95.500.980 ; 14.828 ; 166.924.317 ;
106;43.653.450;MOEDA SOCIEDADE CORRETORA DE C∂MBIO LTDA.; 7 ; 171.249 ; 1.271 ; 60.030.339 ; 42 ; 735.623 ; 596 ; 20.775.498 ; 1.916 ; 81.712.710 ; 1.041 ; 80.458.471 ; 9 ; 547.494 ; 1.050,0 ; 81.005.965 ; 2.966 ; 162.718.675 ;
107;07.679.404;BANCO TOPµZIO S.A.; 91 ; 8.766.146 ; 27 ; 335.322 ; 29 ; 1.130.143 ; 659 ; 74.264.525 ; 806 ; 84.496.135 ; 298 ; 71.248.770 ; 33 ; 6.602.377 ; 331,0 ; 77.851.148 ; 1.137 ; 162.347.283 ;
108;19.307.785;MSB BANK S.A. BANCO DE C∂MBIO;;; 2 ; 30.100 ; 366 ; 31.452.371 ; 269 ; 10.294.887 ; 637 ; 41.777.358 ; 135 ; 32.486.581 ; 401 ; 53.819.285 ; 536,0 ; 86.305.866 ; 1.173 ; 128.083.224 ;
109;94.968.518;DECYSEO CORRETORA DE CAMBIO LTDA.; 15 ; 432.241 ; 549 ; 14.631.552 ; 433 ; 17.433.363 ; 4.233 ; 42.974.160 ; 5.230 ; 75.471.316 ; 1.013 ; 44.167.003 ; 72 ; 4.487.426 ; 1.085,0 ; 48.654.429 ; 6.315 ; 124.125.746 ;
110;17.312.083;H H PICCHIONI S/A CORRETORA DE CAMBIO E VALORES MOBILIARIOS; 4 ; 308.395 ; 3 ; 27.900 ; 3.721 ; 5.805.244 ; 7.908 ; 59.756.294 ; 11.636 ; 65.897.833 ; 1.572 ; 54.253.524 ; 138 ; 628.218 ; 1.710,0 ; 54.881.742 ; 13.346 ; 120.779.575 ;
111;17.312.786;CORVAL - CORRETORA DE VALORES MOBILIARIOS S/A;;; 550 ; 27.527.537 ; 48 ; 137.182 ; 901 ; 22.633.262 ; 1.499 ; 50.297.981 ; 1.631 ; 58.849.093 ; 64 ; 8.785.768 ; 1.695,0 ; 67.634.861 ; 3.194 ; 117.932.842 ;
112;34.265.629;INTERCAM CORRETORA DE C∂MBIO LTDA.; 6 ; 184.711 ; 660 ; 18.621.767 ; 1.025 ; 8.275.031 ; 13.376 ; 33.670.855 ; 15.067 ; 60.752.365 ; 1.516 ; 49.793.486 ; 219 ; 5.990.344 ; 1.735,0 ; 55.783.830 ; 16.802 ; 116.536.195 ;
113;62.285.390;SOCOPA SOCIEDADE CORRETORA PAULISTA S.A.; 105 ; 4.023.653 ; 1.300 ; 33.732.811 ; 551 ; 2.697.114 ; 3.289 ; 19.434.441 ; 5.245 ; 59.888.019 ; 2.489 ; 47.123.100 ; 28 ; 697.690 ; 2.517,0 ; 47.820.790 ; 7.762 ; 107.708.809 ;
114;65.982.589;GRACO CORRETORA DE CAMBIO S.A.; 23 ; 255.729 ; 745 ; 21.663.730 ; 548 ; 1.753.361 ; 2.554 ; 22.336.873 ; 3.870 ; 46.009.694 ; 1.781 ; 51.684.865 ; 212 ; 9.623.327 ; 1.993,0 ; 61.308.192 ; 5.863 ; 107.317.886 ;
115;15.219.389;MACRO CORRETORA DE CAMBIO E VALORES MOBILIARIOS LTDA;;; 59 ; 2.167.287 ; 10 ; 311.615 ; 707 ; 46.526.543 ; 776 ; 49.005.445 ; 1.865 ; 49.075.254 ; 17 ; 582.249 ; 1.882,0 ; 49.657.503 ; 2.658 ; 98.662.948 ;
116;57.582.264;TORRE CORRETORA DE C∂MBIO LTDA; 1 ; 2.649 ; 1.284 ; 36.362.921 ; 56 ; 491.421 ; 2.999 ; 10.795.387 ; 4.340 ; 47.652.378 ; 1.637 ; 47.243.477 ; 41 ; 582.884 ; 1.678,0 ; 47.826.360 ; 6.018 ; 95.478.738 ;
117;61.033.106;BPN BRASIL BANCO MÈLTIPLO S.A.; 45 ; 14.114.468 ; 26 ; 986.629 ; 120 ; 18.107.297 ; 76 ; 1.030.432 ; 267 ; 34.238.825 ; 17 ; 15.722.263 ; 48 ; 43.021.093 ; 65,0 ; 58.743.356 ; 332 ; 92.982.181 ;
118;10.838.114;DISTRI-CASH  DISTRIBUIDORA DE T÷TULOS E VALORES MOBILIµRIOS S.A.;;;;; 518 ; 1.791.473 ; 890 ; 44.722.280 ; 1.408 ; 46.513.753 ; 641 ; 43.492.326 ; 14 ; 699.379 ; 655,0 ; 44.191.705 ; 2.063 ; 90.705.458 ;
119;33.042.151;BANCO DE LA NACION ARGENTINA; 35 ; 19.188.087 ; 54 ; 2.479.760 ; 2.273 ; 3.184.443 ; 585 ; 781.992 ; 2.947 ; 25.634.282 ; 29 ; 22.265.472 ; 54 ; 42.428.357 ; 83,0 ; 64.693.829 ; 3.030 ; 90.328.111 ;
120;17.904.906;BRX CORRETORA DE C∂MBIO LTDA.;;;;; 778 ; 4.054.727 ; 2.418 ; 36.095.537 ; 3.196 ; 40.150.264 ; 1.883 ; 37.899.384 ; 82 ; 5.680.085 ; 1.965,0 ; 43.579.469 ; 5.161 ; 83.729.733 ;
121;14.190.547;CAMBIONET CORRETORA DE C∂MBIO LTDA.;;;;; 1.320 ; 3.162.353 ; 4.603 ; 41.674.383 ; 5.923 ; 44.836.737 ; 2.516 ; 38.753.729 ; 16 ; 97.740 ; 2.532,0 ; 38.851.468 ; 8.455 ; 83.688.205 ;
122;04.902.979;BANCO DA AMAZONIA S.A.; 217 ; 25.343.167 ; 182 ; 11.892.996 ; 150 ; 3.657.809 ; 349 ; 3.315.733 ; 898 ; 44.209.706 ; 42 ; 12.852.945 ; 85 ; 26.607.415 ; 127,0 ; 39.460.360 ; 1.025 ; 83.670.066 ;
123;34.974.170;HOYA CORRETORA DE VALORES E CAMBIO LTDA; 10 ; 297.696 ; 165 ; 3.975.138 ; 387 ; 2.381.892 ; 5.063 ; 36.702.210 ; 5.625 ; 43.356.936 ; 713 ; 38.595.022 ; 5 ; 329.738 ; 718,0 ; 38.924.760 ; 6.343 ; 82.281.696 ;
124;74.828.799;NOVO BANCO CONTINENTAL S.A. - BANCO MÈLTIPLO; 115 ; 25.626.308 ; 146 ; 5.109.369 ; 33 ; 7.361.750 ; 70 ; 6.093.265 ; 364 ; 44.190.692 ; 15 ; 7.628.318 ; 35 ; 27.335.664 ; 50,0 ; 34.963.982 ; 414 ; 79.154.674 ;
125;08.520.517;SOL CORRETORA DE C∂MBIO LTDA.;;; 1 ; 7.400 ; 1.712 ; 14.697.274 ; 3.177 ; 34.370.260 ; 4.890 ; 49.074.934 ; 912 ; 21.322.791 ; 30 ; 1.578.620 ; 942,0 ; 22.901.411 ; 5.832 ; 71.976.345 ;
126;71.590.442;LASTRO RDV DISTRIBUIDORA DE T÷TULOS E VALORES MOBILIµRIOS LTDA.;;; 29 ; 259.477 ; 816 ; 573.126 ; 8.006 ; 22.428.527 ; 8.851 ; 23.261.131 ; 1.525 ; 34.550.114 ; 112 ; 12.375.154 ; 1.637,0 ; 46.925.268 ; 10.488 ; 70.186.399 ;
127;59.118.133;BANCO LUSO BRASILEIRO S.A.; 10 ; 2.574.265 ; 52 ; 3.720.445 ; 73 ; 20.911.962 ; 104 ; 8.221.224 ; 239 ; 35.427.896 ; 59 ; 10.825.096 ; 44 ; 22.320.336 ; 103,0 ; 33.145.432 ; 342 ; 68.573.328 ;
128;76.641.497;DOURADA CORRETORA DE C∂MBIO LTDA.; 86 ; 2.446.315 ; 349 ; 7.515.748 ; 625 ; 1.568.059 ; 7.352 ; 17.987.297 ; 8.412 ; 29.517.419 ; 972 ; 23.092.237 ; 31 ; 1.406.771 ; 1.003,0 ; 24.499.008 ; 9.415 ; 54.016.427 ;
129;13.220.493;BR PARTNERS BANCO DE INVESTIMENTO S.A.; 19 ; 14.060.000 ; 3 ; 76.917 ; 3 ; 35.252 ; 58 ; 13.974.841 ; 83 ; 28.147.010 ; 6 ; 12.743.944 ; 8 ; 12.242.830 ; 14,0 ; 24.986.774 ; 97 ; 53.133.784 ;
130;15.482.499;TURC∂MBIO - CORRETORA DE C∂MBIO LTDA.;;;;; 993 ; 2.597.187 ; 3.013 ; 24.928.118 ; 4.006 ; 27.525.305 ; 1.633 ; 23.722.875 ; 64 ; 1.306.800 ; 1.697,0 ; 25.029.675 ; 5.703 ; 52.554.980 ;
131;19.086.249;EXECUTIVE CORRETORA DE C∂MBIO LTDA.;;; 39 ; 634.606 ; 854 ; 2.654.708 ; 3.724 ; 21.139.043 ; 4.617 ; 24.428.358 ; 1.465 ; 19.615.645 ; 28 ; 345.089 ; 1.493,0 ; 19.960.734 ; 6.110 ; 44.389.092 ;
132;73.279.093;PACIFIC INVEST DISTRIBUIDORA DE TITULOS E VALORES MOBILIARIOS LTDA;;; 14 ; 21.985 ; 1.830 ; 1.195.082 ; 14.547 ; 20.856.260 ; 16.391 ; 22.073.327 ; 629 ; 20.218.520 ; 20 ; 396.815 ; 649,0 ; 20.615.335 ; 17.040 ; 42.688.661 ;
133;13.839.639;MELHOR - CORRETORA DE C∂MBIO LTDA.;;;;; 794 ; 1.905.559 ; 2.269 ; 21.049.325 ; 3.063 ; 22.954.884 ; 1.397 ; 19.225.572 ; 2 ; 50.000 ; 1.399,0 ; 19.275.572 ; 4.462 ; 42.230.456 ;
134;73.302.408;EXIM CORRETORA DE CAMBIO LTDA; 7 ; 259.725 ; 202 ; 2.277.749 ; 266 ; 3.352.215 ; 2.431 ; 17.261.087 ; 2.906 ; 23.150.776 ; 1.351 ; 17.032.477 ; 73 ; 1.089.880 ; 1.424,0 ; 18.122.357 ; 4.330 ; 41.273.133 ;
135;16.927.221;AMAZ‚NIA CORRETORA DE C∂MBIO LTDA.;;; 8 ; 213.559 ; 530 ; 947.356 ; 3.027 ; 19.179.022 ; 3.565 ; 20.339.937 ; 550 ; 18.510.812 ; 3 ; 45.001 ; 553,0 ; 18.555.813 ; 4.118 ; 38.895.751 ;
136;15.761.217;CORRETORA DE C∂MBIO AÄORIANA LIMITADA.;;;;; 131 ; 128.224 ; 2.276 ; 17.011.238 ; 2.407 ; 17.139.462 ; 994 ; 17.303.799 ; 15 ; 398.423 ; 1.009,0 ; 17.702.222 ; 3.416 ; 34.841.684 ;
137;80.202.872;CORREPARTI CORRETORA DE CAMBIO LTDA; 27 ; 475.806 ; 425 ; 11.484.425 ; 50 ; 355.380 ; 1.192 ; 5.164.624 ; 1.694 ; 17.480.235 ; 962 ; 16.323.305 ; 29 ; 513.252 ; 991,0 ; 16.836.557 ; 2.685 ; 34.316.792 ;
138;06.132.348;LABOR SOCIEDADE CORRETORA DE C∂MBIO LTDA.;;;;; 5.629 ; 2.304.791 ; 14.891 ; 16.641.349 ; 20.520 ; 18.946.140 ; 355 ; 14.975.863 ; 3 ; 187.867 ; 358,0 ; 15.163.730 ; 20.878 ; 34.109.869 ;
139;20.155.248;PARMETAL DISTRIBUIDORA DE T÷TULOS E VALORES MOBILIµRIOS LTDA;;; 6 ; 13.162 ; 3.457 ; 2.332.363 ; 8.983 ; 16.256.758 ; 12.446 ; 18.602.283 ; 247 ; 14.816.209 ;;; 247,0 ; 14.816.209 ; 12.693 ; 33.418.492 ;
140;17.772.370;VIP'S CORRETORA DE C∂MBIO LTDA.;;;;; 622 ; 1.823.935 ; 1.961 ; 15.447.242 ; 2.583 ; 17.271.177 ; 641 ; 13.649.420 ; 2 ; 2.598 ; 643,0 ; 13.652.018 ; 3.226 ; 30.923.196 ;
141;04.684.647;ARC CORRETORA DE CAMBIO, ASSOCIADOS GOUVEIA, CAMPEDELLI S.A.; 133 ; 920.111 ; 45 ; 1.479.231 ; 648 ; 2.751.242 ; 4.141 ; 11.125.509 ; 4.967 ; 16.276.093 ; 686 ; 9.686.848 ; 18 ; 701.963 ; 704,0 ; 10.388.811 ; 5.671 ; 26.664.904 ;
142;17.902.616;POLO CORRETORA DE C∂MBIO LTDA.;;;;; 2.684 ; 2.592.005 ; 2.049 ; 13.282.152 ; 4.733 ; 15.874.157 ; 573 ; 10.740.853 ;;; 573,0 ; 10.740.853 ; 5.306 ; 26.615.010 ;
143;16.854.999;SINGRATUR CORRETORA DE C∂MBIO LTDA;;; 5 ; 19.810 ; 76 ; 141.577 ; 4.568 ; 9.759.668 ; 4.649 ; 9.921.054 ; 717 ; 9.780.170 ; 11 ; 111.178 ; 728,0 ; 9.891.348 ; 5.377 ; 19.812.402 ;
144;15.168.152;CONSEGTUR CORRETORA DE C∂MBIO LTDA.;;; 1 ; 10.056 ; 7 ; 12.610 ; 1.003 ; 8.191.419 ; 1.011 ; 8.214.085 ; 915 ; 8.278.213 ; 3 ; 92.042 ; 918,0 ; 8.370.256 ; 1.929 ; 16.584.341 ;
145;59.615.005;PATAC«O DISTRIBUIDORA DE T÷TULOS E VALORES MOBILIµRIOS LTDA.;;;;; 811 ; 620.563 ; 5.179 ; 8.172.057 ; 5.990 ; 8.792.620 ; 1.154 ; 7.567.897 ;;; 1.154,0 ; 7.567.897 ; 7.144 ; 16.360.517 ;
146;18.145.784;NUMATUR CORRETORA DE C∂MBIO LTDA.;;;;; 355 ; 215.490 ; 2.523 ; 7.094.784 ; 2.878 ; 7.310.275 ; 427 ; 6.988.094 ; 3 ; 370 ; 430,0 ; 6.988.464 ; 3.308 ; 14.298.739 ;
147;16.789.470;TURISCAM CORRETORA DE C∂MBIO LTDA.;;; 4 ; 16.071 ; 2.459 ; 2.214.417 ; 4.957 ; 7.134.372 ; 7.420 ; 9.364.860 ; 422 ; 4.932.978 ;;; 422,0 ; 4.932.978 ; 7.842 ; 14.297.838 ;
148;89.784.367;EBADIVAL - E. BAGGIO DISTRIBUIDORA DE T÷TULOS E VALORES MOBILIµRIOS LTDA.;;;;; 270 ; 470.072 ; 3.000 ; 7.018.747 ; 3.270 ; 7.488.819 ; 455 ; 6.542.168 ;;; 455,0 ; 6.542.168 ; 3.725 ; 14.030.987 ;
149;17.508.380;UNI«O ALTERNATIVA CORRETORA DE C∂MBIO LTDA.;;;;; 507 ; 797.845 ; 1.040 ; 6.629.711 ; 1.547 ; 7.427.555 ; 590 ; 5.820.951 ;;; 590,0 ; 5.820.951 ; 2.137 ; 13.248.507 ;
150;69.078.350;J. ALVES CORRETORA DE CAMBIO LTDA; 1 ; 14.945 ; 329 ; 4.843.346 ; 25 ; 869.034 ; 208 ; 897.357 ; 563 ; 6.624.681 ; 399 ; 5.543.091 ; 16 ; 687.674 ; 415,0 ; 6.230.766 ; 978 ; 12.855.447 ;
151;17.635.177;CONEXION CORRETORA DE C∂MBIO LTDA.;;;;; 102 ; 214.759 ; 2.082 ; 6.059.018 ; 2.184 ; 6.273.777 ; 462 ; 6.037.358 ; 13 ; 132.392 ; 475,0 ; 6.169.749 ; 2.659 ; 12.443.526 ;
152;61.973.863;ESCRITORIO LEROSA S.A. CORRETORES DE VALORES;;; 79 ; 2.199.953 ; 14 ; 204.062 ; 354 ; 3.419.498 ; 447 ; 5.823.513 ; 243 ; 5.804.301 ; 10 ; 177.717 ; 253,0 ; 5.982.018 ; 700 ; 11.805.531 ;
153;14.388.334;PARANµ BANCO S.A.; 6 ; 5.205.000 ;;; 1 ; 665 ; 12 ; 13.351 ; 19 ; 5.219.016 ; 2 ; 350.000 ; 6 ; 5.220.000 ; 8,0 ; 5.570.000 ; 27 ; 10.789.016 ;
154;16.657.210;CHLOE DISTRIBUIDORA DE T÷TULOS E VALORES MOBILIµRIOS LTDA.;;;;; 259 ; 128.970 ; 5.928 ; 5.233.089 ; 6.187 ; 5.362.059 ; 638 ; 5.155.393 ;;; 638,0 ; 5.155.393 ; 6.825 ; 10.517.452 ;
155;58.497.702;BANCO INTERCAP S.A.;;;;; 1 ; 151 ; 9 ; 193.613 ; 10 ; 193.764 ; 1 ; 9.000.000 ; 2 ; 1.250.000 ; 3,0 ; 10.250.000 ; 13 ; 10.443.764 ;
156;12.392.983;MIRAE ASSET SECURITIES (BRASIL) CORRETORA DE C∂MBIO, T÷TULOS E VALORES MOBILIµRIOS LTDA.;;;;; 1 ; 1.830 ; 244 ; 4.945.632 ; 245 ; 4.947.462 ; 147 ; 4.945.632 ; 1 ; 1.830 ; 148,0 ; 4.947.462 ; 393 ; 9.894.923 ;
157;50.585.090;BCV - BANCO DE CRêDITO E VAREJO S/A;;;;; 9 ; 3.045.752 ; 26 ; 2.640.628 ; 35 ; 5.686.380 ; 1 ; 500.000 ; 2 ; 3.044.065 ; 3,0 ; 3.544.065 ; 38 ; 9.230.444 ;
158;09.274.232;NATIXIS BRASIL S.A. BANCO MÈLTIPLO; 2 ; 1.340.539 ;;; 9 ; 4.165.169 ; 14 ; 80.215 ; 25 ; 5.585.923 ;;; 5 ; 3.600.000 ; 5,0 ; 3.600.000 ; 30 ; 9.185.923 ;
159;15.122.605;LÈMINA CORRETORA DE C∂MBIO LTDA.;;;;; 1.596 ; 1.065.223 ; 4.676 ; 4.211.005 ; 6.272 ; 5.276.228 ; 161 ; 3.179.998 ;;; 161,0 ; 3.179.998 ; 6.433 ; 8.456.226 ;
160;33.124.959;BANCO RURAL S.A.;;;;; 6 ; 195.050 ; 23 ; 6.735.310 ; 29 ; 6.930.359 ; 21 ; 457.460 ; 22 ; 477.966 ; 43,0 ; 935.426 ; 72 ; 7.865.785 ;
161;33.851.064;DILLON S/A DISTRIBUIDORA DE TITULOS E VALORES MOBILIARIOS; 2 ; 40.990 ; 60 ; 775.363 ; 15 ; 144.206 ; 318 ; 2.533.104 ; 395 ; 3.493.663 ; 306 ; 3.147.256 ; 2 ; 27.830 ; 308,0 ; 3.175.086 ; 703 ; 6.668.749 ;
162;76.633.486;OLIVEIRA FRANCO SOCIEDADE CORRETORA DE VALORES E CAMBIO LTDA;;;;; 127 ; 154.679 ; 1.041 ; 2.783.047 ; 1.168 ; 2.937.726 ; 329 ; 2.618.284 ; 5 ; 1.226 ; 334,0 ; 2.619.510 ; 1.502 ; 5.557.236 ;
163;51.938.876;BANCO DE LA REPUBLICA ORIENTAL DEL URUGUAY;;; 1 ; 7.639 ; 300 ; 667.654 ; 37 ; 2.102.575 ; 338 ; 2.777.868 ; 3 ; 2.000.000 ; 2 ; 500.000 ; 5,0 ; 2.500.000 ; 343 ; 5.277.868 ;
164;07.333.726;ONNIX CORRETORA DE C∂MBIO LTDA.; 2 ; 18.952 ; 9 ; 99.160 ; 193 ; 470.706 ; 1.257 ; 2.126.035 ; 1.461 ; 2.714.854 ; 513 ; 1.960.775 ; 36 ; 210.488 ; 549,0 ; 2.171.263 ; 2.010 ; 4.886.117 ;
165;15.077.393;MEGA CORRETORA DE C∂MBIO LTDA.;;;;; 235 ; 259.900 ; 537 ; 2.339.231 ; 772 ; 2.599.131 ; 324 ; 2.104.703 ; 5 ; 2.799 ; 329,0 ; 2.107.502 ; 1.101 ; 4.706.633 ;
166;71.677.850;FRENTE CORRETORA DE C∂MBIO LTDA.;;;;; 148 ; 813.090 ; 270 ; 1.892.275 ; 418 ; 2.705.365 ; 77 ; 1.199.299 ;;; 77,0 ; 1.199.299 ; 495 ; 3.904.664 ;
167;14.652.687;CAMBIALL CASH CORRETORA DE C∂MBIO LTDA.;;;;; 2.036 ; 1.141.112 ; 2.089 ; 1.586.041 ; 4.125 ; 2.727.152 ; 37 ; 455.035 ; 2 ; 21.922 ; 39,0 ; 476.957 ; 4.164 ; 3.204.109 ;
168;04.913.711;BANCO DO ESTADO DO PARµ S.A.; 21 ; 101.275 ;;; 105 ; 53.898 ; 399 ; 1.443.167 ; 525 ; 1.598.341 ; 11 ; 1.473.533 ; 1 ; 553 ; 12,0 ; 1.474.086 ; 537 ; 3.072.427 ;
169;34.266.668;KRAUS - SOCIEDADE CORRETORA DE C∂MBIO LTDA.;;;;; 118 ; 266.796 ; 295 ; 1.499.123 ; 413 ; 1.765.919 ; 78 ; 1.243.480 ;;; 78,0 ; 1.243.480 ; 491 ; 3.009.399 ;
170;17.312.661;AMARIL FRANKLIN CORRETORA DE T÷TULOS E VALORES LTDA;;; 10 ; 552.053 ; 1 ; 31.217 ; 71 ; 390.893 ; 82 ; 974.163 ; 23 ; 1.043.121 ; 1 ; 31.217 ; 24,0 ; 1.074.338 ; 106 ; 2.048.501 ;
171;34.666.362;MONOP‡LIO CORRETORA DE C∂MBIO LTDA.;;;;; 215 ; 226.166 ; 383 ; 876.653 ; 598 ; 1.102.819 ; 49 ; 709.078 ; 1 ; 4.517 ; 50,0 ; 713.594 ; 648 ; 1.816.413 ;
172;62.280.490;DIBRAN DISTRIBUIDORA DE T÷TULOS E VALORES MOBILIµRIOS LTDA.;;; 3 ; 30.128 ;;; 146 ; 702.029 ; 149 ; 732.157 ; 113 ; 735.714 ;;; 113,0 ; 735.714 ; 262 ; 1.467.870 ;
173;03.443.143;AVIPAM CORRETORA DE CAMBIO LTDA.;;;;; 42 ; 35.398 ; 202 ; 396.130 ; 244 ; 431.529 ; 32 ; 358.215 ;;; 32,0 ; 358.215 ; 276 ; 789.744 ;
174;04.866.275;BANCO STANDARD DE INVESTIMENTOS S.A.;;;;; 2 ; 10 ; 5 ; 991 ; 7 ; 1.001 ;;; 1 ; 446.966 ; 1,0 ; 446.966 ; 8 ; 447.967 ;
175;09.512.542;CODEPE - CORRETORA DE VALORES S.A.;;;;;;; 23 ; 68.617 ; 23 ; 68.617 ; 26 ; 135.987 ;;; 26,0 ; 135.987 ; 49 ; 204.603 ;
176;09.391.857;BANCO AZTECA DO BRASIL S.A.;;;;; 13 ; 7.241 ; 24 ; 32.268 ; 37 ; 39.509 ; 1 ; 40.000 ;;; 1,0 ; 40.000 ; 38 ; 79.509 ;
177;18.520.834;UBS BRASIL BANCO DE INVESTIMENTO S.A.;;;;;;; 1 ; 34.908 ; 1 ; 34.908 ; 1 ; 34.908 ;;; 1,0 ; 34.908 ; 2 ; 69.815 ;
178;40.161.713;POSITIVA CORRETORA DE C∂MBIO, T÷TULOS E VALORES MOBILIµRIOS S.A.;;;;;;; 15 ; 34.568 ; 15 ; 34.568 ; 8 ; 34.368 ;;; 8,0 ; 34.368 ; 23 ; 68.935 ;
179;33.042.953;CITIBANK N.A.;;;;; 7 ; 2.583 ; 21 ; 29.139 ; 28 ; 31.723 ;;;;; -   ; -   ; 28 ; 31.723 ;
180;38.486.817;BANCO DE DESENVOLVIMENTO DE MINAS GERAIS S.A.-BDMG;;;;;;; 14 ; 16.108 ; 14 ; 16.108 ;;;;; -   ; -   ; 14 ; 16.108 ;
;;;;;;;;;;;;;;;;;;;;;
Total;;; 243.164 ; 136.865.946.533 ; 773.315 ; 130.453.198.333 ; 1.077.848 ; 285.641.567.306 ; 1.846.371 ; 290.716.658.128 ; 3.940.698 ; 843.677.370.301 ; 273.739 ; 448.149.922.145 ; 273.739 ; 448.187.867.351 ; 547.478 ; 896.337.789.497 ; 4.488.176 ; 1.740.015.159.798 ;
"Fonte: Sistema CÉmbio; Dados extra°dos em: 08.08.2014";;;;;;;;;;;;;;;;;;;;;
Obs. Os dados para o Mercado Interbanc†rio incluem os registros de contratos de Arbitragens no Pa°s (conta-fato 80), no Exterior (conta-fato 83) e Operaá‰es com o BC ;;;;;;;;;;;;;;;;;;;;;
;;;;;;;;;;;;;;;;;;;;;
;;;;;;;;;;;;;;;;;;;;;
